48 14
3120 1138 753 772 3520 2309 1177 3017 1342 3605 3533 125 2796 302 
1282 283 1218 1314 2454 3565 2321 3950 3864 3645 2765 334 2878 3962 
1505 2578 595 624 3715 1699 1395 3586 7 2924 2603 1700 2528 2487 
1824 1675 3140 3457 2310 358 1122 763 274 3443 1064 489 3087 180 
822 2317 141 2326 894 736 3302 960 2786 1048 897 3145 3971 3499 
844 2499 2337 3020 525 1477 2476 2834 1834 3598 3948 2459 3392 1011 
2947 2478 1190 3768 1146 1683 2445 2391 2770 1746 3350 1555 2794 247 
699 2764 97 1895 1614 2434 914 2139 3910 3741 1324 2095 3338 1272 
905 2729 2634 3851 1559 176 3970 3056 1858 2414 1447 627 160 1148 
2533 3305 1746 3584 2068 1843 1830 3682 628 3095 2172 889 2835 3495 
3335 2525 1118 239 1605 104 441 3515 631 410 2571 2488 3175 369 
3466 3334 1516 2350 2638 3262 1933 1058 1456 3762 1091 2435 2856 3675 
2043 3108 3009 567 578 3599 2171 681 391 1686 1311 800 608 150 
326 976 3967 12 2491 2316 3001 2104 601 58 3911 362 1148 2345 
3570 761 2019 1612 3869 1379 2530 798 977 700 1478 1367 2737 3140 
2518 3344 3289 3196 319 3255 3207 3162 1922 2207 1265 2522 2617 1528 
3236 116 3872 2805 877 2243 768 1097 3621 3649 1894 950 700 3723 
2668 3437 2862 1538 3132 2502 733 3803 2108 3939 2964 29 2497 580 
2551 1113 2107 2138 1229 2331 942 2457 573 2061 3553 545 1709 1798 
1846 2408 1872 866 2196 733 2755 1328 3586 3487 1130 2045 3777 445 
2073 2625 1024 975 3738 3483 3112 1318 1813 405 3774 2737 2817 3678 
3281 525 1475 1479 3285 3346 2344 1832 430 1098 3511 367 936 992 
2411 1064 1436 835 3688 2812 1810 3777 2294 1273 1094 458 2030 867 
3194 846 544 2826 1723 2370 304 1359 2067 2999 3190 2496 448 3053 
3214 1383 44 1624 2798 1832 2811 2486 995 972 2262 3288 2244 3356 
3745 273 574 2938 1471 1118 1763 3193 3839 2419 903 1906 1417 444 
401 2217 3496 3967 3599 3892 1590 2749 1723 752 1234 2717 3847 2356 
3967 3554 2452 591 128 1741 2413 1597 3855 1957 1435 2273 2859 3340 
42 3303 93 2258 2798 411 2208 3041 2352 956 1115 3104 2541 3831 
826 2740 2538 1144 2293 989 1735 2772 2729 499 720 2936 2456 2507 
1208 1314 2198 1601 616 2642 3858 3766 3052 2418 3158 1404 3725 273 
507 2266 103 1332 1357 2993 2476 1 3981 562 2773 3062 1060 3844 
1997 3867 2350 3556 1181 548 1157 2148 3189 1366 2265 2241 135 1423 
3996 3860 1695 502 2477 2149 1833 3833 1141 660 1474 1573 2957 887 
2985 2801 3235 2851 1502 2790 31 2049 298 2531 1590 2016 1147 182 
2150 2569 177 2009 615 678 485 2764 2862 317 256 3874 502 2081 
1446 3458 2967 430 2610 2201 3281 112 1343 3663 2512 1992 2545 101 
7 3692 282 2157 2612 458 517 3227 1135 1002 2342 349 1670 2949 
222 2523 1030 1667 2333 3996 2097 942 2549 1729 1405 243 1391 3917 
2234 288 17 2241 3979 299 749 2590 756 1265 2168 2243 2618 861 
2591 640 3810 3164 3162 839 830 1494 1186 3278 2788 86 1358 192 
328 2749 108 2914 3388 125 1506 3366 775 2254 2307 1530 3870 827 
124 2840 1687 3066 3479 1496 2229 2992 2686 3411 486 3872 3040 3625 
309 398 3816 989 3498 3924 3902 2885 400 1407 2602 1174 12 908 
3055 233 1734 3179 3072 3773 2596 2902 1268 1177 1894 3954 939 2731 
177 3978 2355 837 375 2170 1825 224 2445 1726 3108 2844 3484 1709 
17 3847 2969 3072 80 1054 2602 3151 826 1549 2053 2094 2725 3946 
2399 3663 2676 2927 3641 1382 3763 367 3551 1588 591 1996 3665 50 